0 0 1 1 0 0 0 3 0 0 0 0 0 0 1 1 0
0 0 0 1 1 0 9 0 3 3 0 0 0 1 1 0 0
0 0 0 1 2 1 0 0 3 3 3 0 1 2 1 0 0
0 0 0 1 2 2 5 3 3 3 3 5 2 2 1 0 0
0 0 0 1 1 1 1 5 5 5 5 1 1 1 1 0 0
0 0 1 1 1 7 7 7 1 1 7 7 7 1 1 1 0
0 0 1 1 1 1 1 6 1 1 6 1 1 1 1 1 0
0 0 1 1 1 2 2 1 8 8 1 2 2 1 1 1 0
0 0 0 1 1 1 4 5 4 5 4 5 1 1 1 0 0
0 0 0 0 0 0 4 5 4 5 4 5 4 0 0 0 0
0 0 0 0 0 0 3 3 5 5 3 4 4 5 0 0 0
0 0 0 0 0 3 3 3 4 4 3 3 5 5 4 0 0
0 0 0 0 0 3 1 1 5 5 1 1 3 4 4 0 0
0 0 0 0 0 3 3 3 4 4 3 3 3 0 0 0 0
0 0 1 0 0 1 3 3 5 5 3 3 0 0 0 0 0
0 0 0 1 1 0 0 1 0 0 1 0 0 0 0 0 0