0  0  0  1  1  1  0  0  0  0  0  0  1  1  1  0  0
0  0  0  0  1  2  1  0  0  0  0  1  2  1  0  0  0
0  0  0  0  1  2  2  1  0  0  1  2  2  1  0  0  0
0  0  0  0  1  2  2  2  1  1  2  2  2  1  0  0  0
0  0  0  1  1  1  1  1  1  1  1  1  1  1  1  0  0
0  0  1  1  1  1  6  6  1  1  6  6  1  1  1  1  0
0  0  1  2  2  1  6  6  1  1  6  6  1  2  2  1  0
0  0  1  1  1  1  1  1  8  8  1  1  1  1  1  1  0
0  0  0  1  1  1  1  1  1  1  1  1  1  1  1  0  0
0  0  0  0  0  0  5  5  5  5  5  5  0  0  0  0  0
0  0  0  1  5  3  3  3  3  3  3  3  3  5  1  0  0
0  0  0  0  5  3  3  3  3  3  3  3  3  5  0  0  0
0  0  0  0  0  5  3  3  3  3  3  3  5  0  0  0  0
0  0  0  1  0  0  5  5  3  3  5  5  0  0  0  0  0
0  0  0  1  1  1  0  1  5  5  1  0  0  0  0  0  0
0  0  0  0  0  0  0  1  0  0  1  0  0  0  0  0  0