0  0  0  1  1  1  0  0  0  0  0  0  1  1  1  0  0
0  0  0  0  1  2  1  0  0  0  0  1  2  1  0  0  0
0  0  0  0  1  2  2  1  0  0  1  2  2  1  0  0  0
0  0  0  0  1  2  2  2  1  1  2  2  2  1  0  0  0
0  0  0  1  1  1  1  1  1  1  1  1  1  1  1  0  0
0  0  1  1  1  1  9  1  1  1  1  9  1  1  1  1  0
0  0  1  1  1  9  9  9  1  1  9  9  9  1  1  1  0
0  0  1  2  2  1  9  1  8  8  1  9  1  2  2  1  0
0  0  0  1  1  1  1  1  10  1  1  1  1  1  1  0  0
0  0  0  0  0  0  5  5  5  5  5  5  0  0  0  0  0
0  0  0  0  1  1  1  1  7  7  1  1  1  1  0  0  0
0  0  0  0  1  1  1  7  7  7  7  1  1  1  0  0  0
0  0  0  0  0  0  1  7  7  7  7  1  0  0  0  0  0
0  0  0  0  0  0  1  1  7  7  1  1  1  0  0  1  0
0  0  0  0  0  0  1  1  7  7  1  1  0  1  1  0  0
0  0  0  0  0  0  1  1  0  0  1  1  0  0  0  0  0